totaltime 6
player0time 0
player1time 6
player0type Human
player1type Human
player0name player1
player1name player0
-0
4 1 0 0 0 
2 1 0 0 0 
3 1 0 0 0 
5 1 0 0 0 
6 1 0 0 0 
3 1 0 0 0 
2 1 0 0 0 
4 1 0 0 0 
1 1 0 0 1 
1 1 0 0 1 
1 1 0 0 1 
1 1 0 0 1 
1 1 0 0 1 
1 1 0 0 1 
1 1 0 0 1 
1 1 0 0 1 
0 -1 0 0 0 
0 -1 0 0 0 
0 -1 0 0 0 
0 -1 0 0 0 
0 -1 0 0 0 
0 -1 0 0 0 
0 -1 0 0 0 
0 -1 0 0 0 
0 -1 0 0 0 
0 -1 0 0 0 
0 -1 0 0 0 
0 -1 0 0 0 
0 -1 0 0 0 
0 -1 0 0 0 
0 -1 0 0 0 
0 -1 0 0 0 
0 -1 0 0 0 
0 -1 0 0 0 
0 -1 0 0 0 
0 -1 0 0 0 
0 -1 0 0 0 
0 -1 0 0 0 
0 -1 0 0 0 
0 -1 0 0 0 
0 -1 0 0 0 
0 -1 0 0 0 
0 -1 0 0 0 
0 -1 0 0 0 
0 -1 0 0 0 
0 -1 0 0 0 
0 -1 0 0 0 
0 -1 0 0 0 
1 0 0 0 1 
1 0 0 0 1 
1 0 0 0 1 
1 0 0 0 1 
1 0 0 0 1 
1 0 0 0 1 
1 0 0 0 1 
1 0 0 0 1 
4 0 0 0 0 
2 0 0 0 0 
3 0 0 0 0 
5 0 0 0 0 
6 0 0 0 0 
3 0 0 0 0 
2 0 0 0 0 
4 0 0 0 0 
