totaltime 43
player0time 1
player1time 42
player0type AI
player1type Human
player0name player1_AI
player1name player0
-0
4 1 0 0 0 
2 1 0 0 0 
3 1 0 0 0 
5 1 0 0 0 
6 1 0 0 0 
3 1 0 0 0 
2 1 0 0 0 
4 1 0 0 0 
1 1 0 0 1 
1 1 0 0 1 
1 1 0 0 1 
1 1 0 0 1 
1 1 0 0 1 
1 1 0 0 1 
1 1 0 0 1 
1 1 0 0 1 
0 -1 0 0 0 
0 -1 0 0 0 
0 -1 0 0 0 
0 -1 0 0 0 
0 -1 0 0 0 
0 -1 0 0 0 
0 -1 0 0 0 
0 -1 0 0 0 
0 -1 0 0 0 
0 -1 0 0 0 
0 -1 0 0 0 
0 -1 0 0 0 
0 -1 0 0 0 
0 -1 0 0 0 
0 -1 0 0 0 
0 -1 0 0 0 
0 -1 0 0 0 
0 -1 0 0 0 
0 -1 0 0 0 
0 -1 0 0 0 
0 -1 0 0 0 
0 -1 0 0 0 
0 -1 0 0 0 
0 -1 0 0 0 
0 -1 0 0 0 
0 -1 0 0 0 
0 -1 0 0 0 
0 -1 0 0 0 
0 -1 0 0 0 
0 -1 0 0 0 
0 -1 0 0 0 
0 -1 0 0 0 
1 0 0 0 1 
1 0 0 0 1 
1 0 0 0 1 
1 0 0 0 1 
1 0 0 0 1 
1 0 0 0 1 
1 0 0 0 1 
1 0 0 0 1 
4 0 0 0 0 
2 0 0 0 0 
3 0 0 0 0 
5 0 0 0 0 
6 0 0 0 0 
3 0 0 0 0 
2 0 0 0 0 
4 0 0 0 0 
-1
4 1 0 0 0 
2 1 0 0 0 
3 1 0 0 0 
5 1 0 0 0 
6 1 0 0 0 
3 1 0 0 0 
2 1 0 0 0 
4 1 0 0 0 
1 1 0 0 1 
1 1 0 0 1 
1 1 0 0 1 
1 1 0 0 1 
1 1 0 0 1 
1 1 0 0 1 
1 1 0 0 1 
1 1 0 0 1 
0 -1 0 0 0 
0 -1 0 0 0 
0 -1 0 0 0 
0 -1 0 0 0 
0 -1 0 0 0 
0 -1 0 0 0 
0 -1 0 0 0 
0 -1 0 0 0 
0 -1 0 0 0 
0 -1 0 0 0 
0 -1 0 0 0 
0 -1 0 0 0 
0 -1 0 0 0 
0 -1 0 0 0 
0 -1 0 0 0 
0 -1 0 0 0 
0 -1 0 0 0 
0 -1 0 0 0 
0 -1 0 1 0 
1 0 1 0 0 
0 -1 0 1 0 
0 -1 0 0 0 
0 -1 0 0 0 
0 -1 0 0 0 
0 -1 0 0 0 
0 -1 0 0 0 
0 -1 0 0 0 
0 -1 0 0 0 
0 -1 0 0 0 
0 -1 0 0 0 
0 -1 0 0 0 
0 -1 0 0 0 
1 0 0 0 1 
1 0 0 0 1 
1 0 0 0 1 
0 -1 0 0 0 
1 0 0 0 1 
1 0 0 0 1 
1 0 0 0 1 
1 0 0 0 1 
4 0 0 0 0 
2 0 0 0 0 
3 0 0 0 0 
5 0 0 0 0 
6 0 0 0 0 
3 0 0 0 0 
2 0 0 0 0 
4 0 0 0 0 
-2
4 1 0 0 0 
0 -1 0 0 0 
3 1 0 0 0 
5 1 0 0 0 
6 1 0 0 0 
3 1 0 0 0 
2 1 0 0 0 
4 1 0 0 0 
1 1 0 0 1 
1 1 0 0 1 
1 1 0 0 1 
1 1 0 0 1 
1 1 0 0 1 
1 1 0 0 1 
1 1 0 0 1 
1 1 0 0 1 
0 -1 0 0 0 
0 -1 0 0 0 
2 1 1 0 0 
0 -1 0 0 0 
0 -1 0 0 0 
0 -1 0 0 0 
0 -1 0 0 0 
0 -1 0 0 0 
0 -1 0 0 0 
0 -1 0 0 0 
0 -1 0 0 0 
0 -1 0 0 0 
0 -1 0 0 0 
0 -1 0 0 0 
0 -1 0 0 0 
0 -1 0 0 0 
0 -1 0 0 0 
0 -1 0 0 0 
0 -1 0 0 0 
1 0 1 0 0 
0 -1 0 0 0 
0 -1 0 0 0 
0 -1 0 0 0 
0 -1 0 0 0 
0 -1 0 0 0 
0 -1 0 0 0 
0 -1 0 0 0 
0 -1 0 0 0 
0 -1 0 0 0 
0 -1 0 0 0 
0 -1 0 0 0 
0 -1 0 0 0 
1 0 0 0 1 
1 0 0 0 1 
1 0 0 0 1 
0 -1 0 0 0 
1 0 0 0 1 
1 0 0 0 1 
1 0 0 0 1 
1 0 0 0 1 
4 0 0 0 0 
2 0 0 0 0 
3 0 0 0 0 
5 0 0 0 0 
6 0 0 0 0 
3 0 0 0 0 
2 0 0 0 0 
4 0 0 0 0 
-3
4 1 0 0 0 
0 -1 0 0 0 
3 1 0 0 0 
5 1 0 0 0 
6 1 0 0 0 
3 1 0 0 0 
2 1 0 0 0 
4 1 0 0 0 
1 1 0 0 1 
1 1 0 0 1 
1 1 0 0 1 
1 1 0 0 1 
1 1 0 0 1 
1 1 0 0 1 
1 1 0 0 1 
1 1 0 0 1 
0 -1 0 0 0 
0 -1 0 0 0 
2 1 1 0 0 
0 -1 0 0 0 
0 -1 0 0 0 
0 -1 0 0 0 
0 -1 0 0 0 
0 -1 0 0 0 
0 -1 0 0 0 
0 -1 0 0 0 
0 -1 0 0 0 
0 -1 0 0 0 
0 -1 0 0 0 
0 -1 0 0 0 
0 -1 0 0 0 
0 -1 0 0 0 
0 -1 0 0 0 
0 -1 0 0 0 
0 -1 0 0 0 
1 0 1 0 0 
0 -1 0 0 0 
0 -1 0 0 0 
0 -1 0 0 0 
0 -1 0 0 0 
0 -1 0 0 0 
0 -1 0 0 0 
0 -1 0 0 0 
0 -1 0 0 0 
0 -1 0 0 0 
0 -1 0 0 0 
0 -1 0 0 0 
0 -1 0 0 0 
1 0 0 0 1 
1 0 0 0 1 
1 0 0 0 1 
6 0 1 0 0 
1 0 0 0 1 
1 0 0 0 1 
1 0 0 0 1 
1 0 0 0 1 
4 0 0 0 0 
2 0 0 0 0 
3 0 0 0 0 
5 0 0 0 0 
0 -1 0 0 0 
3 0 0 0 0 
2 0 0 0 0 
4 0 0 0 0 
-4
4 1 0 0 0 
0 -1 0 0 0 
3 1 0 0 0 
5 1 0 0 0 
6 1 0 0 0 
3 1 0 0 0 
2 1 0 0 0 
4 1 0 0 0 
1 1 0 0 1 
1 1 0 0 1 
1 1 0 0 1 
1 1 0 0 1 
1 1 0 0 1 
1 1 0 0 1 
1 1 0 0 1 
1 1 0 0 1 
0 -1 0 0 0 
0 -1 0 0 0 
0 -1 0 0 0 
0 -1 0 0 0 
0 -1 0 0 0 
0 -1 0 0 0 
0 -1 0 0 0 
0 -1 0 0 0 
0 -1 0 0 0 
0 -1 0 0 0 
0 -1 0 0 0 
0 -1 0 0 0 
0 -1 0 0 0 
0 -1 0 0 0 
0 -1 0 0 0 
0 -1 0 0 0 
0 -1 0 0 0 
0 -1 0 0 0 
0 -1 0 0 0 
2 1 2 0 0 
0 -1 0 0 0 
0 -1 0 0 0 
0 -1 0 0 0 
0 -1 0 0 0 
0 -1 0 0 0 
0 -1 0 0 0 
0 -1 0 0 0 
0 -1 0 0 0 
0 -1 0 0 0 
0 -1 0 0 0 
0 -1 0 0 0 
0 -1 0 0 0 
1 0 0 0 1 
1 0 0 0 1 
1 0 0 0 1 
6 0 1 0 0 
1 0 0 0 1 
1 0 0 0 1 
1 0 0 0 1 
1 0 0 0 1 
4 0 0 0 0 
2 0 0 0 0 
3 0 0 0 0 
5 0 0 0 0 
0 -1 0 0 0 
3 0 0 0 0 
2 0 0 0 0 
4 0 0 0 0 
-5
4 1 0 0 0 
0 -1 0 0 0 
3 1 0 0 0 
5 1 0 0 0 
6 1 0 0 0 
3 1 0 0 0 
2 1 0 0 0 
4 1 0 0 0 
1 1 0 0 1 
1 1 0 0 1 
1 1 0 0 1 
1 1 0 0 1 
1 1 0 0 1 
1 1 0 0 1 
1 1 0 0 1 
1 1 0 0 1 
0 -1 0 0 0 
0 -1 0 0 0 
0 -1 0 0 0 
0 -1 0 0 0 
0 -1 0 0 0 
0 -1 0 0 0 
0 -1 0 0 0 
0 -1 0 0 0 
0 -1 0 0 0 
0 -1 0 0 0 
0 -1 0 0 0 
0 -1 0 0 0 
0 -1 0 0 0 
0 -1 0 0 0 
0 -1 0 0 0 
0 -1 0 0 0 
1 0 1 0 0 
0 -1 0 1 0 
0 -1 0 0 0 
2 1 2 0 0 
0 -1 0 0 0 
0 -1 0 0 0 
0 -1 0 0 0 
0 -1 0 0 0 
0 -1 0 0 0 
0 -1 0 0 0 
0 -1 0 0 0 
0 -1 0 0 0 
0 -1 0 0 0 
0 -1 0 0 0 
0 -1 0 0 0 
0 -1 0 0 0 
0 -1 0 0 0 
1 0 0 0 1 
1 0 0 0 1 
6 0 1 0 0 
1 0 0 0 1 
1 0 0 0 1 
1 0 0 0 1 
1 0 0 0 1 
4 0 0 0 0 
2 0 0 0 0 
3 0 0 0 0 
5 0 0 0 0 
0 -1 0 0 0 
3 0 0 0 0 
2 0 0 0 0 
4 0 0 0 0 
-6
4 1 0 0 0 
0 -1 0 0 0 
3 1 0 0 0 
5 1 0 0 0 
6 1 0 0 0 
3 1 0 0 0 
2 1 0 0 0 
4 1 0 0 0 
1 1 0 0 1 
1 1 0 0 1 
1 1 0 0 1 
1 1 0 0 1 
1 1 0 0 1 
1 1 0 0 1 
1 1 0 0 1 
1 1 0 0 1 
0 -1 0 0 0 
0 -1 0 0 0 
0 -1 0 0 0 
0 -1 0 0 0 
0 -1 0 0 0 
0 -1 0 0 0 
0 -1 0 0 0 
0 -1 0 0 0 
0 -1 0 0 0 
0 -1 0 0 0 
0 -1 0 0 0 
0 -1 0 0 0 
0 -1 0 0 0 
0 -1 0 0 0 
0 -1 0 0 0 
0 -1 0 0 0 
1 0 1 0 0 
0 -1 0 0 0 
0 -1 0 0 0 
0 -1 0 0 0 
0 -1 0 0 0 
0 -1 0 0 0 
0 -1 0 0 0 
0 -1 0 0 0 
0 -1 0 0 0 
0 -1 0 0 0 
0 -1 0 0 0 
0 -1 0 0 0 
0 -1 0 0 0 
2 1 3 0 0 
0 -1 0 0 0 
0 -1 0 0 0 
0 -1 0 0 0 
1 0 0 0 1 
1 0 0 0 1 
6 0 1 0 0 
1 0 0 0 1 
1 0 0 0 1 
1 0 0 0 1 
1 0 0 0 1 
4 0 0 0 0 
2 0 0 0 0 
3 0 0 0 0 
5 0 0 0 0 
0 -1 0 0 0 
3 0 0 0 0 
2 0 0 0 0 
4 0 0 0 0 
-7
4 1 0 0 0 
0 -1 0 0 0 
3 1 0 0 0 
5 1 0 0 0 
6 1 0 0 0 
3 1 0 0 0 
2 1 0 0 0 
4 1 0 0 0 
1 1 0 0 1 
1 1 0 0 1 
1 1 0 0 1 
1 1 0 0 1 
1 1 0 0 1 
1 1 0 0 1 
1 1 0 0 1 
1 1 0 0 1 
0 -1 0 0 0 
0 -1 0 0 0 
0 -1 0 0 0 
0 -1 0 0 0 
0 -1 0 0 0 
0 -1 0 0 0 
0 -1 0 0 0 
0 -1 0 0 0 
0 -1 0 0 0 
0 -1 0 0 0 
0 -1 0 0 0 
0 -1 0 0 0 
0 -1 0 0 0 
0 -1 0 0 0 
0 -1 0 0 0 
0 -1 0 0 0 
1 0 1 0 0 
0 -1 0 0 0 
0 -1 0 0 0 
0 -1 0 0 0 
0 -1 0 0 0 
0 -1 0 0 0 
0 -1 0 0 0 
0 -1 0 0 0 
0 -1 0 0 0 
0 -1 0 0 0 
0 -1 0 0 0 
0 -1 0 0 0 
0 -1 0 0 0 
1 0 1 0 0 
0 -1 0 0 0 
0 -1 0 0 0 
0 -1 0 0 0 
1 0 0 0 1 
1 0 0 0 1 
6 0 1 0 0 
0 -1 0 0 0 
1 0 0 0 1 
1 0 0 0 1 
1 0 0 0 1 
4 0 0 0 0 
2 0 0 0 0 
3 0 0 0 0 
5 0 0 0 0 
0 -1 0 0 0 
3 0 0 0 0 
2 0 0 0 0 
4 0 0 0 0 
-8
4 1 0 0 0 
0 -1 0 0 0 
3 1 0 0 0 
5 1 0 0 0 
6 1 0 0 0 
3 1 0 0 0 
0 -1 0 0 0 
4 1 0 0 0 
1 1 0 0 1 
1 1 0 0 1 
1 1 0 0 1 
1 1 0 0 1 
1 1 0 0 1 
1 1 0 0 1 
1 1 0 0 1 
1 1 0 0 1 
0 -1 0 0 0 
0 -1 0 0 0 
0 -1 0 0 0 
0 -1 0 0 0 
0 -1 0 0 0 
2 1 1 0 0 
0 -1 0 0 0 
0 -1 0 0 0 
0 -1 0 0 0 
0 -1 0 0 0 
0 -1 0 0 0 
0 -1 0 0 0 
0 -1 0 0 0 
0 -1 0 0 0 
0 -1 0 0 0 
0 -1 0 0 0 
1 0 1 0 0 
0 -1 0 0 0 
0 -1 0 0 0 
0 -1 0 0 0 
0 -1 0 0 0 
0 -1 0 0 0 
0 -1 0 0 0 
0 -1 0 0 0 
0 -1 0 0 0 
0 -1 0 0 0 
0 -1 0 0 0 
0 -1 0 0 0 
0 -1 0 0 0 
1 0 1 0 0 
0 -1 0 0 0 
0 -1 0 0 0 
0 -1 0 0 0 
1 0 0 0 1 
1 0 0 0 1 
6 0 1 0 0 
0 -1 0 0 0 
1 0 0 0 1 
1 0 0 0 1 
1 0 0 0 1 
4 0 0 0 0 
2 0 0 0 0 
3 0 0 0 0 
5 0 0 0 0 
0 -1 0 0 0 
3 0 0 0 0 
2 0 0 0 0 
4 0 0 0 0 
-9
4 1 0 0 0 
0 -1 0 0 0 
3 1 0 0 0 
5 1 0 0 0 
6 1 0 0 0 
3 1 0 0 0 
0 -1 0 0 0 
4 1 0 0 0 
1 1 0 0 1 
1 1 0 0 1 
1 1 0 0 1 
1 1 0 0 1 
1 1 0 0 1 
1 1 0 0 1 
1 1 0 0 1 
1 1 0 0 1 
0 -1 0 0 0 
0 -1 0 0 0 
0 -1 0 0 0 
0 -1 0 0 0 
0 -1 0 0 0 
2 1 1 0 0 
0 -1 0 0 0 
0 -1 0 0 0 
0 -1 0 0 0 
0 -1 0 0 0 
0 -1 0 0 0 
0 -1 0 0 0 
0 -1 0 0 0 
0 -1 0 0 0 
0 -1 0 0 0 
0 -1 0 0 0 
1 0 1 0 0 
0 -1 0 0 0 
3 0 1 0 0 
0 -1 0 0 0 
0 -1 0 0 0 
0 -1 0 0 0 
0 -1 0 0 0 
0 -1 0 0 0 
0 -1 0 0 0 
0 -1 0 0 0 
0 -1 0 0 0 
0 -1 0 0 0 
0 -1 0 0 0 
1 0 1 0 0 
0 -1 0 0 0 
0 -1 0 0 0 
0 -1 0 0 0 
1 0 0 0 1 
1 0 0 0 1 
6 0 1 0 0 
0 -1 0 0 0 
1 0 0 0 1 
1 0 0 0 1 
1 0 0 0 1 
4 0 0 0 0 
2 0 0 0 0 
3 0 0 0 0 
5 0 0 0 0 
0 -1 0 0 0 
0 -1 0 0 0 
2 0 0 0 0 
4 0 0 0 0 
-10
4 1 0 0 0 
0 -1 0 0 0 
3 1 0 0 0 
5 1 0 0 0 
6 1 0 0 0 
3 1 0 0 0 
0 -1 0 0 0 
4 1 0 0 0 
0 -1 0 0 0 
1 1 0 0 1 
1 1 0 0 1 
1 1 0 0 1 
1 1 0 0 1 
1 1 0 0 1 
1 1 0 0 1 
1 1 0 0 1 
0 -1 0 0 0 
0 -1 0 0 0 
0 -1 0 0 0 
0 -1 0 0 0 
0 -1 0 0 0 
2 1 1 0 0 
0 -1 0 0 0 
0 -1 0 0 0 
1 1 1 0 0 
0 -1 0 1 0 
0 -1 0 0 0 
0 -1 0 0 0 
0 -1 0 0 0 
0 -1 0 0 0 
0 -1 0 0 0 
0 -1 0 0 0 
1 0 1 0 0 
0 -1 0 0 0 
3 0 1 0 0 
0 -1 0 0 0 
0 -1 0 0 0 
0 -1 0 0 0 
0 -1 0 0 0 
0 -1 0 0 0 
0 -1 0 0 0 
0 -1 0 0 0 
0 -1 0 0 0 
0 -1 0 0 0 
0 -1 0 0 0 
1 0 1 0 0 
0 -1 0 0 0 
0 -1 0 0 0 
0 -1 0 0 0 
1 0 0 0 1 
1 0 0 0 1 
6 0 1 0 0 
0 -1 0 0 0 
1 0 0 0 1 
1 0 0 0 1 
1 0 0 0 1 
4 0 0 0 0 
2 0 0 0 0 
3 0 0 0 0 
5 0 0 0 0 
0 -1 0 0 0 
0 -1 0 0 0 
2 0 0 0 0 
4 0 0 0 0 
-11
4 1 0 0 0 
0 -1 0 0 0 
3 1 0 0 0 
5 1 0 0 0 
6 1 0 0 0 
3 1 0 0 0 
0 -1 0 0 0 
4 1 0 0 0 
0 -1 0 0 0 
1 1 0 0 1 
1 1 0 0 1 
1 1 0 0 1 
1 1 0 0 1 
1 1 0 0 1 
1 1 0 0 1 
1 1 0 0 1 
0 -1 0 0 0 
0 -1 0 0 0 
0 -1 0 0 0 
0 -1 0 0 0 
0 -1 0 0 0 
2 1 1 0 0 
0 -1 0 0 0 
0 -1 0 0 0 
1 1 1 0 0 
0 -1 0 0 0 
0 -1 0 0 0 
0 -1 0 0 0 
0 -1 0 0 0 
0 -1 0 0 0 
0 -1 0 0 0 
0 -1 0 0 0 
1 0 1 0 0 
0 -1 0 0 0 
3 0 1 0 0 
0 -1 0 0 0 
0 -1 0 0 0 
0 -1 0 0 0 
0 -1 0 0 0 
0 -1 0 0 0 
0 -1 0 0 0 
0 -1 0 0 0 
0 -1 0 0 0 
0 -1 0 0 0 
0 -1 0 0 0 
1 0 1 0 0 
0 -1 0 0 0 
0 -1 0 0 0 
0 -1 0 0 0 
1 0 0 0 1 
1 0 0 0 1 
6 0 1 0 0 
0 -1 0 0 0 
1 0 0 0 1 
1 0 0 0 1 
1 0 0 0 1 
4 0 0 0 0 
2 0 0 0 0 
3 0 0 0 0 
0 -1 0 0 0 
5 0 1 0 0 
0 -1 0 0 0 
2 0 0 0 0 
4 0 0 0 0 
-12
4 1 0 0 0 
0 -1 0 0 0 
3 1 0 0 0 
5 1 0 0 0 
6 1 0 0 0 
3 1 0 0 0 
0 -1 0 0 0 
4 1 0 0 0 
0 -1 0 0 0 
1 1 0 0 1 
1 1 0 0 1 
1 1 0 0 1 
1 1 0 0 1 
1 1 0 0 1 
1 1 0 0 1 
1 1 0 0 1 
0 -1 0 0 0 
0 -1 0 0 0 
0 -1 0 0 0 
0 -1 0 0 0 
0 -1 0 0 0 
0 -1 0 0 0 
0 -1 0 0 0 
0 -1 0 0 0 
1 1 1 0 0 
0 -1 0 0 0 
0 -1 0 0 0 
0 -1 0 0 0 
0 -1 0 0 0 
0 -1 0 0 0 
0 -1 0 0 0 
0 -1 0 0 0 
1 0 1 0 0 
0 -1 0 0 0 
3 0 1 0 0 
0 -1 0 0 0 
0 -1 0 0 0 
0 -1 0 0 0 
2 1 2 0 0 
0 -1 0 0 0 
0 -1 0 0 0 
0 -1 0 0 0 
0 -1 0 0 0 
0 -1 0 0 0 
0 -1 0 0 0 
1 0 1 0 0 
0 -1 0 0 0 
0 -1 0 0 0 
0 -1 0 0 0 
1 0 0 0 1 
1 0 0 0 1 
6 0 1 0 0 
0 -1 0 0 0 
1 0 0 0 1 
1 0 0 0 1 
1 0 0 0 1 
4 0 0 0 0 
2 0 0 0 0 
3 0 0 0 0 
0 -1 0 0 0 
5 0 1 0 0 
0 -1 0 0 0 
2 0 0 0 0 
4 0 0 0 0 
-13
4 1 0 0 0 
0 -1 0 0 0 
3 1 0 0 0 
5 1 0 0 0 
6 1 0 0 0 
3 1 0 0 0 
0 -1 0 0 0 
4 1 0 0 0 
0 -1 0 0 0 
1 1 0 0 1 
1 1 0 0 1 
1 1 0 0 1 
1 1 0 0 1 
1 1 0 0 1 
1 1 0 0 1 
1 1 0 0 1 
0 -1 0 0 0 
0 -1 0 0 0 
0 -1 0 0 0 
0 -1 0 0 0 
0 -1 0 0 0 
0 -1 0 0 0 
0 -1 0 0 0 
0 -1 0 0 0 
1 1 1 0 0 
0 -1 0 0 0 
0 -1 0 0 0 
0 -1 0 0 0 
0 -1 0 0 0 
0 -1 0 0 0 
0 -1 0 0 0 
0 -1 0 0 0 
1 0 1 0 0 
0 -1 0 0 0 
3 0 1 0 0 
0 -1 0 0 0 
0 -1 0 0 0 
0 -1 0 0 0 
2 1 2 0 0 
0 -1 0 0 0 
0 -1 0 0 0 
0 -1 0 0 0 
0 -1 0 0 0 
0 -1 0 0 0 
5 0 2 0 0 
1 0 1 0 0 
0 -1 0 0 0 
0 -1 0 0 0 
0 -1 0 0 0 
1 0 0 0 1 
1 0 0 0 1 
6 0 1 0 0 
0 -1 0 0 0 
1 0 0 0 1 
1 0 0 0 1 
1 0 0 0 1 
4 0 0 0 0 
2 0 0 0 0 
3 0 0 0 0 
0 -1 0 0 0 
0 -1 0 0 0 
0 -1 0 0 0 
2 0 0 0 0 
4 0 0 0 0 
