-0
4 1
2 1
3 1
5 1
6 1
3 1
2 1
4 1
1 1
1 1
1 1
1 1
1 1
1 1
1 1
1 1
0 -1
0 -1
0 -1
0 -1
0 -1
0 -1
0 -1
0 -1
0 -1
0 -1
0 -1
0 -1
0 -1
0 -1
0 -1
0 -1
0 -1
0 -1
0 -1
0 -1
0 -1
0 -1
0 -1
0 -1
0 -1
0 -1
0 -1
0 -1
0 -1
0 -1
0 -1
0 -1
1 0
1 0
1 0
1 0
1 0
1 0
1 0
1 0
4 0
2 0
3 0
5 0
6 0
3 0
2 0
4 0
-1
4 1
2 1
3 1
5 1
6 1
3 1
2 1
4 1
1 1
1 1
1 1
1 1
1 1
1 1
1 1
1 1
0 -1
0 -1
0 -1
0 -1
0 -1
0 -1
0 -1
0 -1
0 -1
0 -1
0 -1
0 -1
0 -1
0 -1
0 -1
0 -1
0 -1
0 -1
0 -1
1 0
0 -1
0 -1
0 -1
0 -1
0 -1
0 -1
0 -1
0 -1
0 -1
0 -1
0 -1
0 -1
1 0
1 0
1 0
0 -1
1 0
1 0
1 0
1 0
4 0
2 0
3 0
5 0
6 0
3 0
2 0
4 0
-2
4 1
2 1
3 1
5 1
6 1
3 1
0 -1
4 1
1 1
1 1
1 1
1 1
1 1
1 1
1 1
1 1
0 -1
0 -1
0 -1
0 -1
0 -1
0 -1
0 -1
2 1
0 -1
0 -1
0 -1
0 -1
0 -1
0 -1
0 -1
0 -1
0 -1
0 -1
0 -1
1 0
0 -1
1 0
0 -1
0 -1
0 -1
0 -1
0 -1
0 -1
0 -1
0 -1
0 -1
0 -1
1 0
1 0
1 0
0 -1
1 0
0 -1
1 0
1 0
4 0
2 0
3 0
5 0
6 0
3 0
2 0
4 0
-3
4 1
2 1
3 1
5 1
6 1
3 1
0 -1
4 1
1 1
1 1
1 1
0 -1
1 1
1 1
1 1
1 1
0 -1
0 -1
0 -1
0 -1
0 -1
0 -1
0 -1
2 1
0 -1
0 -1
0 -1
1 1
0 -1
0 -1
0 -1
0 -1
0 -1
0 -1
0 -1
1 0
0 -1
1 0
0 -1
0 -1
0 -1
0 -1
1 0
0 -1
0 -1
0 -1
0 -1
0 -1
1 0
1 0
0 -1
0 -1
1 0
0 -1
1 0
1 0
4 0
2 0
3 0
5 0
6 0
3 0
2 0
4 0
-4
4 1
2 1
0 -1
5 1
6 1
3 1
0 -1
4 1
1 1
1 1
1 1
0 -1
1 1
1 1
1 1
1 1
0 -1
0 -1
0 -1
0 -1
0 -1
0 -1
0 -1
2 1
0 -1
0 -1
0 -1
1 1
0 -1
3 1
0 -1
0 -1
0 -1
0 -1
0 -1
1 0
0 -1
1 0
0 -1
0 -1
0 -1
0 -1
1 0
0 -1
1 0
0 -1
0 -1
0 -1
1 0
1 0
0 -1
0 -1
0 -1
0 -1
1 0
1 0
4 0
2 0
3 0
5 0
6 0
3 0
2 0
4 0
-5
4 1
2 1
0 -1
0 -1
6 1
3 1
0 -1
4 1
1 1
1 1
1 1
0 -1
1 1
1 1
1 1
1 1
0 -1
0 -1
0 -1
5 1
0 -1
0 -1
0 -1
2 1
0 -1
0 -1
0 -1
1 1
0 -1
3 1
0 -1
0 -1
0 -1
0 -1
0 -1
1 0
0 -1
1 0
0 -1
0 -1
0 -1
0 -1
1 0
0 -1
1 0
0 -1
0 -1
0 -1
1 0
1 0
0 -1
2 0
0 -1
0 -1
1 0
1 0
4 0
0 -1
3 0
5 0
6 0
3 0
2 0
4 0
-6
4 1
2 1
0 -1
0 -1
6 1
3 1
0 -1
4 1
1 1
1 1
1 1
0 -1
1 1
1 1
1 1
1 1
0 -1
0 -1
0 -1
5 1
0 -1
0 -1
0 -1
2 1
0 -1
0 -1
0 -1
1 1
0 -1
0 -1
0 -1
0 -1
0 -1
0 -1
0 -1
1 0
0 -1
1 0
0 -1
0 -1
0 -1
0 -1
1 0
3 0
1 0
0 -1
0 -1
0 -1
1 0
1 0
0 -1
2 0
0 -1
0 -1
1 0
1 0
4 0
0 -1
3 0
5 0
6 0
0 -1
2 0
4 0
-7
4 1
2 1
0 -1
0 -1
6 1
3 1
0 -1
4 1
1 1
1 1
1 1
0 -1
1 1
1 1
1 1
1 1
0 -1
0 -1
0 -1
0 -1
0 -1
0 -1
0 -1
2 1
0 -1
0 -1
1 0
1 1
0 -1
0 -1
0 -1
0 -1
0 -1
0 -1
0 -1
0 -1
0 -1
1 0
0 -1
0 -1
0 -1
0 -1
1 0
3 0
1 0
0 -1
0 -1
0 -1
1 0
1 0
0 -1
2 0
0 -1
0 -1
1 0
1 0
4 0
0 -1
3 0
5 0
6 0
0 -1
2 0
4 0
-8
4 1
2 1
0 -1
0 -1
6 1
3 1
0 -1
4 1
1 1
1 1
1 1
0 -1
1 1
1 1
0 -1
1 1
0 -1
0 -1
0 -1
0 -1
0 -1
0 -1
0 -1
2 1
0 -1
0 -1
1 0
1 1
0 -1
0 -1
1 0
0 -1
0 -1
0 -1
0 -1
0 -1
0 -1
0 -1
0 -1
0 -1
0 -1
0 -1
1 0
3 0
1 0
0 -1
0 -1
0 -1
1 0
1 0
0 -1
2 0
0 -1
0 -1
1 0
1 0
4 0
0 -1
3 0
5 0
6 0
0 -1
2 0
4 0
-9
4 1
0 -1
0 -1
0 -1
6 1
3 1
0 -1
4 1
1 1
1 1
1 1
0 -1
1 1
1 1
0 -1
1 1
2 1
0 -1
0 -1
0 -1
0 -1
0 -1
0 -1
1 0
0 -1
0 -1
1 0
1 1
0 -1
0 -1
0 -1
0 -1
0 -1
0 -1
0 -1
0 -1
0 -1
0 -1
0 -1
0 -1
0 -1
0 -1
1 0
3 0
1 0
0 -1
0 -1
0 -1
1 0
1 0
0 -1
2 0
0 -1
0 -1
1 0
1 0
4 0
0 -1
3 0
5 0
6 0
0 -1
2 0
4 0
-10
4 1
0 -1
0 -1
0 -1
6 1
3 1
0 -1
4 1
1 1
1 1
1 1
0 -1
1 1
1 1
0 -1
1 1
2 1
0 -1
0 -1
0 -1
0 -1
0 -1
0 -1
1 0
0 -1
0 -1
1 0
0 -1
0 -1
0 -1
0 -1
0 -1
0 -1
0 -1
0 -1
1 0
0 -1
0 -1
0 -1
0 -1
0 -1
0 -1
1 0
3 0
0 -1
0 -1
0 -1
0 -1
1 0
1 0
0 -1
2 0
0 -1
0 -1
1 0
1 0
4 0
0 -1
3 0
5 0
6 0
0 -1
2 0
4 0
-11
4 1
0 -1
0 -1
0 -1
0 -1
3 1
0 -1
4 1
1 1
1 1
1 1
6 1
1 1
1 1
0 -1
1 1
2 1
0 -1
0 -1
0 -1
0 -1
0 -1
0 -1
1 0
0 -1
0 -1
1 0
0 -1
0 -1
0 -1
0 -1
0 -1
0 -1
0 -1
0 -1
1 0
0 -1
0 -1
0 -1
0 -1
0 -1
0 -1
1 0
3 0
0 -1
2 0
0 -1
0 -1
1 0
1 0
0 -1
2 0
0 -1
0 -1
1 0
1 0
4 0
0 -1
3 0
5 0
6 0
0 -1
0 -1
4 0
-12
4 1
0 -1
0 -1
0 -1
0 -1
0 -1
0 -1
4 1
1 1
1 1
1 1
6 1
1 1
1 1
0 -1
1 1
2 1
0 -1
0 -1
0 -1
0 -1
0 -1
0 -1
3 1
0 -1
0 -1
1 0
0 -1
0 -1
0 -1
0 -1
0 -1
0 -1
0 -1
0 -1
1 0
0 -1
0 -1
0 -1
0 -1
0 -1
0 -1
1 0
3 0
0 -1
2 0
0 -1
1 0
1 0
1 0
0 -1
2 0
0 -1
0 -1
1 0
0 -1
4 0
0 -1
3 0
5 0
6 0
0 -1
0 -1
4 0
-13
4 1
0 -1
0 -1
0 -1
0 -1
4 1
0 -1
0 -1
1 1
1 1
1 1
6 1
1 1
1 1
0 -1
1 1
2 1
0 -1
0 -1
0 -1
0 -1
0 -1
0 -1
3 1
0 -1
0 -1
1 0
0 -1
0 -1
0 -1
0 -1
0 -1
0 -1
0 -1
0 -1
1 0
0 -1
0 -1
0 -1
1 0
0 -1
0 -1
1 0
3 0
0 -1
2 0
0 -1
0 -1
1 0
1 0
0 -1
2 0
0 -1
0 -1
1 0
0 -1
4 0
0 -1
3 0
5 0
6 0
0 -1
0 -1
4 0
-14
4 1
0 -1
0 -1
0 -1
6 1
4 1
0 -1
0 -1
1 1
1 1
1 1
0 -1
1 1
1 1
0 -1
1 1
2 1
0 -1
0 -1
0 -1
0 -1
0 -1
0 -1
3 1
0 -1
0 -1
1 0
0 -1
0 -1
0 -1
0 -1
0 -1
0 -1
1 0
0 -1
1 0
0 -1
0 -1
0 -1
1 0
0 -1
0 -1
1 0
3 0
0 -1
2 0
0 -1
0 -1
1 0
0 -1
0 -1
2 0
0 -1
0 -1
1 0
0 -1
4 0
0 -1
3 0
5 0
6 0
0 -1
0 -1
4 0
-15
4 1
0 -1
0 -1
0 -1
6 1
4 1
0 -1
0 -1
1 1
0 -1
1 1
0 -1
1 1
1 1
0 -1
1 1
2 1
1 1
0 -1
0 -1
0 -1
0 -1
0 -1
3 1
0 -1
0 -1
1 0
0 -1
0 -1
0 -1
0 -1
0 -1
0 -1
1 0
0 -1
1 0
0 -1
0 -1
0 -1
1 0
0 -1
0 -1
1 0
3 0
0 -1
2 0
0 -1
0 -1
1 0
0 -1
0 -1
2 0
0 -1
0 -1
1 0
0 -1
0 -1
4 0
3 0
5 0
6 0
0 -1
0 -1
4 0
-16
4 1
0 -1
0 -1
0 -1
6 1
4 1
0 -1
0 -1
1 1
0 -1
1 1
0 -1
1 1
1 1
0 -1
1 1
0 -1
1 1
0 -1
0 -1
0 -1
0 -1
0 -1
3 1
0 -1
0 -1
1 0
0 -1
0 -1
0 -1
0 -1
0 -1
0 -1
0 -1
0 -1
1 0
0 -1
0 -1
0 -1
1 0
0 -1
0 -1
1 0
3 0
0 -1
2 0
0 -1
0 -1
1 0
0 -1
0 -1
2 0
0 -1
0 -1
1 0
0 -1
0 -1
4 0
3 0
5 0
6 0
0 -1
0 -1
4 0
-17
4 1
0 -1
0 -1
0 -1
6 1
4 1
0 -1
0 -1
1 1
0 -1
1 1
0 -1
1 1
1 1
0 -1
3 0
0 -1
1 1
0 -1
0 -1
0 -1
0 -1
0 -1
0 -1
0 -1
0 -1
1 0
0 -1
0 -1
0 -1
0 -1
0 -1
0 -1
0 -1
0 -1
1 0
0 -1
0 -1
0 -1
1 0
0 -1
0 -1
1 0
0 -1
3 1
2 0
0 -1
0 -1
1 0
0 -1
0 -1
2 0
0 -1
0 -1
1 0
0 -1
0 -1
4 0
3 0
5 0
6 0
0 -1
0 -1
4 0
-18
0 -1
4 1
0 -1
0 -1
6 1
4 1
0 -1
0 -1
1 1
0 -1
1 1
0 -1
1 1
1 1
0 -1
3 0
0 -1
1 1
0 -1
0 -1
0 -1
0 -1
0 -1
0 -1
0 -1
0 -1
1 0
0 -1
0 -1
0 -1
0 -1
1 0
0 -1
0 -1
0 -1
1 0
0 -1
0 -1
0 -1
0 -1
0 -1
0 -1
1 0
0 -1
3 1
2 0
0 -1
0 -1
1 0
0 -1
0 -1
2 0
0 -1
0 -1
1 0
0 -1
0 -1
4 0
3 0
5 0
6 0
0 -1
0 -1
4 0
-19
0 -1
4 1
0 -1
0 -1
6 1
4 1
0 -1
0 -1
1 1
0 -1
1 1
0 -1
1 1
0 -1
0 -1
3 0
0 -1
1 1
0 -1
0 -1
0 -1
0 -1
0 -1
0 -1
0 -1
0 -1
1 0
0 -1
0 -1
1 1
0 -1
1 0
1 0
0 -1
0 -1
1 0
0 -1
0 -1
0 -1
0 -1
0 -1
0 -1
1 0
0 -1
3 1
2 0
0 -1
0 -1
0 -1
0 -1
0 -1
2 0
0 -1
0 -1
1 0
0 -1
0 -1
4 0
3 0
5 0
6 0
0 -1
0 -1
4 0
-20
0 -1
4 1
0 -1
0 -1
6 1
4 1
0 -1
0 -1
1 1
0 -1
1 1
0 -1
1 1
0 -1
0 -1
3 0
0 -1
1 0
0 -1
0 -1
0 -1
0 -1
0 -1
0 -1
0 -1
0 -1
0 -1
0 -1
0 -1
0 -1
0 -1
1 0
1 0
0 -1
0 -1
1 0
0 -1
1 1
0 -1
0 -1
0 -1
0 -1
1 0
0 -1
3 1
2 0
0 -1
0 -1
0 -1
0 -1
0 -1
2 0
0 -1
0 -1
1 0
0 -1
0 -1
4 0
3 0
5 0
6 0
0 -1
0 -1
4 0
-21
0 -1
4 1
0 -1
6 1
0 -1
4 1
0 -1
0 -1
1 0
0 -1
1 1
0 -1
1 1
0 -1
0 -1
3 0
0 -1
0 -1
0 -1
0 -1
0 -1
0 -1
0 -1
0 -1
0 -1
0 -1
0 -1
0 -1
0 -1
0 -1
0 -1
1 0
1 0
0 -1
0 -1
1 0
0 -1
1 1
0 -1
0 -1
0 -1
0 -1
1 0
0 -1
3 1
2 0
0 -1
0 -1
0 -1
0 -1
0 -1
2 0
0 -1
0 -1
1 0
0 -1
0 -1
4 0
3 0
5 0
6 0
0 -1
0 -1
4 0
-22
1 0
0 -1
0 -1
6 1
0 -1
4 1
0 -1
0 -1
0 -1
0 -1
1 1
0 -1
1 1
0 -1
0 -1
3 0
0 -1
4 1
0 -1
0 -1
0 -1
0 -1
0 -1
0 -1
0 -1
0 -1
0 -1
0 -1
0 -1
0 -1
0 -1
1 0
1 0
0 -1
0 -1
1 0
0 -1
1 1
0 -1
0 -1
0 -1
0 -1
1 0
0 -1
3 1
2 0
0 -1
0 -1
0 -1
0 -1
0 -1
2 0
0 -1
0 -1
1 0
0 -1
0 -1
4 0
3 0
5 0
6 0
0 -1
0 -1
4 0
-23
0 -1
0 -1
0 -1
0 -1
0 -1
5 0
0 -1
0 -1
0 -1
0 -1
1 1
6 1
1 1
0 -1
0 -1
3 0
0 -1
4 1
0 -1
0 -1
0 -1
0 -1
0 -1
0 -1
0 -1
0 -1
0 -1
0 -1
0 -1
0 -1
0 -1
1 0
1 0
0 -1
0 -1
1 0
0 -1
1 1
0 -1
0 -1
0 -1
0 -1
1 0
0 -1
3 1
2 0
0 -1
0 -1
0 -1
0 -1
0 -1
2 0
0 -1
0 -1
1 0
0 -1
0 -1
4 0
3 0
5 0
6 0
0 -1
0 -1
4 0
-24
0 -1
0 -1
0 -1
0 -1
0 -1
5 0
0 -1
0 -1
0 -1
0 -1
1 1
6 1
1 1
0 -1
0 -1
3 0
0 -1
4 1
0 -1
0 -1
0 -1
0 -1
0 -1
0 -1
0 -1
0 -1
0 -1
0 -1
0 -1
0 -1
0 -1
1 0
1 0
0 -1
0 -1
2 0
0 -1
1 1
0 -1
0 -1
0 -1
0 -1
1 0
0 -1
0 -1
0 -1
0 -1
0 -1
0 -1
0 -1
0 -1
2 0
0 -1
0 -1
1 0
0 -1
0 -1
4 0
3 0
5 0
6 0
0 -1
0 -1
4 0
-25
0 -1
0 -1
0 -1
0 -1
0 -1
0 -1
0 -1
0 -1
0 -1
0 -1
1 1
6 1
1 1
0 -1
0 -1
3 0
4 1
0 -1
0 -1
0 -1
0 -1
0 -1
0 -1
0 -1
0 -1
0 -1
0 -1
0 -1
0 -1
0 -1
0 -1
1 0
1 0
0 -1
0 -1
2 0
0 -1
5 0
0 -1
0 -1
0 -1
0 -1
1 0
0 -1
0 -1
0 -1
0 -1
0 -1
0 -1
0 -1
0 -1
2 0
0 -1
0 -1
1 0
0 -1
0 -1
4 0
3 0
5 0
6 0
0 -1
0 -1
4 0
-26
0 -1
0 -1
0 -1
0 -1
0 -1
0 -1
0 -1
0 -1
0 -1
0 -1
1 1
6 1
0 -1
0 -1
0 -1
3 0
4 1
0 -1
0 -1
0 -1
0 -1
0 -1
0 -1
0 -1
0 -1
0 -1
0 -1
0 -1
5 0
0 -1
0 -1
1 0
1 0
0 -1
0 -1
2 0
0 -1
0 -1
0 -1
0 -1
0 -1
0 -1
1 0
0 -1
0 -1
0 -1
0 -1
0 -1
0 -1
0 -1
0 -1
2 0
0 -1
0 -1
1 0
0 -1
0 -1
4 0
3 0
5 0
6 0
0 -1
0 -1
4 0
-27
0 -1
0 -1
0 -1
0 -1
0 -1
0 -1
0 -1
0 -1
0 -1
0 -1
1 1
6 1
0 -1
0 -1
0 -1
3 0
0 -1
0 -1
0 -1
0 -1
0 -1
0 -1
0 -1
0 -1
5 0
0 -1
0 -1
0 -1
0 -1
0 -1
0 -1
1 0
1 0
0 -1
0 -1
2 0
0 -1
0 -1
0 -1
0 -1
0 -1
0 -1
1 0
0 -1
0 -1
0 -1
0 -1
0 -1
0 -1
0 -1
0 -1
2 0
0 -1
0 -1
1 0
0 -1
0 -1
4 0
3 0
5 0
6 0
0 -1
0 -1
4 0
-28
0 -1
0 -1
0 -1
0 -1
0 -1
0 -1
0 -1
0 -1
0 -1
0 -1
0 -1
6 1
0 -1
0 -1
0 -1
3 0
0 -1
0 -1
0 -1
0 -1
0 -1
0 -1
0 -1
0 -1
5 0
0 -1
1 1
0 -1
0 -1
2 0
0 -1
1 0
1 0
0 -1
0 -1
0 -1
0 -1
0 -1
0 -1
0 -1
0 -1
0 -1
1 0
0 -1
0 -1
0 -1
0 -1
0 -1
0 -1
0 -1
0 -1
2 0
0 -1
0 -1
1 0
0 -1
0 -1
4 0
3 0
5 0
6 0
0 -1
0 -1
4 0
-29
0 -1
0 -1
6 1
0 -1
0 -1
0 -1
0 -1
0 -1
0 -1
0 -1
0 -1
0 -1
0 -1
0 -1
0 -1
3 0
5 0
0 -1
0 -1
0 -1
0 -1
0 -1
0 -1
0 -1
0 -1
0 -1
1 1
0 -1
0 -1
2 0
0 -1
1 0
1 0
0 -1
0 -1
0 -1
0 -1
0 -1
0 -1
0 -1
0 -1
0 -1
1 0
0 -1
0 -1
0 -1
0 -1
0 -1
0 -1
0 -1
0 -1
2 0
0 -1
0 -1
1 0
0 -1
0 -1
4 0
3 0
5 0
6 0
0 -1
0 -1
4 0
-30
0 -1
0 -1
0 -1
0 -1
0 -1
0 -1
0 -1
0 -1
0 -1
4 0
6 1
0 -1
0 -1
0 -1
0 -1
3 0
5 0
0 -1
0 -1
0 -1
0 -1
0 -1
0 -1
0 -1
0 -1
0 -1
1 1
0 -1
0 -1
2 0
0 -1
1 0
1 0
0 -1
0 -1
0 -1
0 -1
0 -1
0 -1
0 -1
0 -1
0 -1
1 0
0 -1
0 -1
0 -1
0 -1
0 -1
0 -1
0 -1
0 -1
2 0
0 -1
0 -1
1 0
0 -1
0 -1
0 -1
3 0
5 0
6 0
0 -1
0 -1
4 0
-31
0 -1
0 -1
6 1
0 -1
0 -1
0 -1
0 -1
0 -1
0 -1
4 0
0 -1
0 -1
0 -1
0 -1
0 -1
3 0
5 0
0 -1
0 -1
0 -1
0 -1
0 -1
0 -1
0 -1
0 -1
0 -1
1 1
0 -1
0 -1
2 0
0 -1
1 0
1 0
0 -1
0 -1
0 -1
0 -1
0 -1
0 -1
0 -1
0 -1
0 -1
1 0
0 -1
0 -1
2 0
0 -1
0 -1
0 -1
0 -1
0 -1
0 -1
0 -1
0 -1
1 0
0 -1
0 -1
0 -1
3 0
5 0
6 0
0 -1
0 -1
4 0
-32
0 -1
0 -1
6 1
0 -1
0 -1
0 -1
0 -1
0 -1
0 -1
4 0
0 -1
5 0
0 -1
0 -1
0 -1
3 0
5 0
0 -1
0 -1
0 -1
0 -1
0 -1
0 -1
0 -1
0 -1
0 -1
0 -1
0 -1
0 -1
2 0
0 -1
1 0
1 0
0 -1
1 1
0 -1
0 -1
0 -1
0 -1
0 -1
0 -1
0 -1
1 0
0 -1
0 -1
2 0
0 -1
0 -1
0 -1
0 -1
0 -1
0 -1
0 -1
0 -1
1 0
0 -1
0 -1
0 -1
3 0
0 -1
6 0
0 -1
0 -1
4 0
