totaltime 10
player0time 9
player1time 1
player0type Human
player1type AI
player0name player0
player1name player1_AI
-0
4 1 0 0 0 
2 1 0 0 0 
3 1 0 0 0 
5 1 0 0 0 
6 1 0 0 0 
3 1 0 0 0 
2 1 0 0 0 
4 1 0 0 0 
1 1 0 0 1 
1 1 0 0 1 
1 1 0 0 1 
1 1 0 0 1 
1 1 0 0 1 
1 1 0 0 1 
1 1 0 0 1 
1 1 0 0 1 
0 -1 0 0 0 
0 -1 0 0 0 
0 -1 0 0 0 
0 -1 0 0 0 
0 -1 0 0 0 
0 -1 0 0 0 
0 -1 0 0 0 
0 -1 0 0 0 
0 -1 0 0 0 
0 -1 0 0 0 
0 -1 0 0 0 
0 -1 0 0 0 
0 -1 0 0 0 
0 -1 0 0 0 
0 -1 0 0 0 
0 -1 0 0 0 
0 -1 0 0 0 
0 -1 0 0 0 
0 -1 0 0 0 
0 -1 0 0 0 
0 -1 0 0 0 
0 -1 0 0 0 
0 -1 0 0 0 
0 -1 0 0 0 
0 -1 0 0 0 
0 -1 0 0 0 
0 -1 0 0 0 
0 -1 0 0 0 
0 -1 0 0 0 
0 -1 0 0 0 
0 -1 0 0 0 
0 -1 0 0 0 
1 0 0 0 1 
1 0 0 0 1 
1 0 0 0 1 
1 0 0 0 1 
1 0 0 0 1 
1 0 0 0 1 
1 0 0 0 1 
1 0 0 0 1 
4 0 0 0 0 
2 0 0 0 0 
3 0 0 0 0 
5 0 0 0 0 
6 0 0 0 0 
3 0 0 0 0 
2 0 0 0 0 
4 0 0 0 0 
-1
4 1 0 0 0 
2 1 0 0 0 
3 1 0 0 0 
5 1 0 0 0 
6 1 0 0 0 
3 1 0 0 0 
2 1 0 0 0 
4 1 0 0 0 
1 1 0 0 1 
1 1 0 0 1 
1 1 0 0 1 
1 1 0 0 1 
1 1 0 0 1 
1 1 0 0 1 
1 1 0 0 1 
1 1 0 0 1 
0 -1 0 0 0 
0 -1 0 0 0 
0 -1 0 0 0 
0 -1 0 0 0 
0 -1 0 0 0 
0 -1 0 0 0 
0 -1 0 0 0 
0 -1 0 0 0 
0 -1 0 0 0 
0 -1 0 0 0 
0 -1 0 0 0 
0 -1 0 0 0 
0 -1 0 0 0 
0 -1 0 0 0 
0 -1 0 0 0 
0 -1 0 0 0 
0 -1 0 0 0 
0 -1 0 0 0 
0 -1 0 0 0 
0 -1 0 1 0 
1 0 1 0 0 
0 -1 0 1 0 
0 -1 0 0 0 
0 -1 0 0 0 
0 -1 0 0 0 
0 -1 0 0 0 
0 -1 0 0 0 
0 -1 0 0 0 
0 -1 0 0 0 
0 -1 0 0 0 
0 -1 0 0 0 
0 -1 0 0 0 
1 0 0 0 1 
1 0 0 0 1 
1 0 0 0 1 
1 0 0 0 1 
0 -1 0 0 0 
1 0 0 0 1 
1 0 0 0 1 
1 0 0 0 1 
4 0 0 0 0 
2 0 0 0 0 
3 0 0 0 0 
5 0 0 0 0 
6 0 0 0 0 
3 0 0 0 0 
2 0 0 0 0 
4 0 0 0 0 
-2
4 1 0 0 0 
2 1 0 0 0 
3 1 0 0 0 
5 1 0 0 0 
6 1 0 0 0 
3 1 0 0 0 
2 1 0 0 0 
4 1 0 0 0 
1 1 0 0 1 
1 1 0 0 1 
1 1 0 0 1 
1 1 0 0 1 
1 1 0 0 1 
1 1 0 0 1 
0 -1 0 0 0 
1 1 0 0 1 
0 -1 0 0 0 
0 -1 0 0 0 
0 -1 0 0 0 
0 -1 0 0 0 
0 -1 0 0 0 
0 -1 0 0 0 
1 1 1 0 0 
0 -1 0 0 0 
0 -1 0 0 0 
0 -1 0 0 0 
0 -1 0 0 0 
0 -1 0 0 0 
0 -1 0 0 0 
0 -1 0 0 0 
0 -1 0 0 0 
0 -1 0 0 0 
0 -1 0 0 0 
0 -1 0 0 0 
0 -1 0 0 0 
0 -1 0 0 0 
1 0 1 0 0 
0 -1 0 0 0 
0 -1 0 0 0 
0 -1 0 0 0 
0 -1 0 0 0 
0 -1 0 0 0 
0 -1 0 0 0 
0 -1 0 0 0 
0 -1 0 0 0 
0 -1 0 0 0 
0 -1 0 0 0 
0 -1 0 0 0 
1 0 0 0 1 
1 0 0 0 1 
1 0 0 0 1 
1 0 0 0 1 
0 -1 0 0 0 
1 0 0 0 1 
1 0 0 0 1 
1 0 0 0 1 
4 0 0 0 0 
2 0 0 0 0 
3 0 0 0 0 
5 0 0 0 0 
6 0 0 0 0 
3 0 0 0 0 
2 0 0 0 0 
4 0 0 0 0 
-3
4 1 0 0 0 
2 1 0 0 0 
3 1 0 0 0 
5 1 0 0 0 
6 1 0 0 0 
3 1 0 0 0 
2 1 0 0 0 
4 1 0 0 0 
1 1 0 0 1 
1 1 0 0 1 
1 1 0 0 1 
1 1 0 0 1 
1 1 0 0 1 
1 1 0 0 1 
0 -1 0 0 0 
1 1 0 0 1 
0 -1 0 0 0 
0 -1 0 0 0 
0 -1 0 0 0 
0 -1 0 0 0 
0 -1 0 0 0 
0 -1 0 0 0 
1 1 1 0 0 
0 -1 0 0 0 
0 -1 0 0 0 
0 -1 0 0 0 
0 -1 0 0 0 
0 -1 0 0 0 
0 -1 0 0 0 
0 -1 0 0 0 
0 -1 0 0 0 
0 -1 0 0 0 
0 -1 0 0 0 
0 -1 0 0 0 
0 -1 0 1 0 
1 0 1 0 0 
1 0 1 1 0 
0 -1 0 0 0 
0 -1 0 0 0 
0 -1 0 0 0 
0 -1 0 0 0 
0 -1 0 0 0 
0 -1 0 0 0 
0 -1 0 0 0 
0 -1 0 0 0 
0 -1 0 0 0 
0 -1 0 0 0 
0 -1 0 0 0 
1 0 0 0 1 
1 0 0 0 1 
1 0 0 0 1 
0 -1 0 0 0 
0 -1 0 0 0 
1 0 0 0 1 
1 0 0 0 1 
1 0 0 0 1 
4 0 0 0 0 
2 0 0 0 0 
3 0 0 0 0 
5 0 0 0 0 
6 0 0 0 0 
3 0 0 0 0 
2 0 0 0 0 
4 0 0 0 0 
-4
4 1 0 0 0 
2 1 0 0 0 
3 1 0 0 0 
5 1 0 0 0 
6 1 0 0 0 
3 1 0 0 0 
2 1 0 0 0 
4 1 0 0 0 
1 1 0 0 1 
1 1 0 0 1 
1 1 0 0 1 
1 1 0 0 1 
0 -1 0 0 0 
1 1 0 0 1 
0 -1 0 0 0 
1 1 0 0 1 
0 -1 0 0 0 
0 -1 0 0 0 
0 -1 0 0 0 
0 -1 0 0 0 
0 -1 0 0 0 
0 -1 0 0 0 
1 1 1 0 0 
0 -1 0 0 0 
0 -1 0 0 0 
0 -1 0 0 0 
0 -1 0 0 0 
0 -1 0 1 0 
1 1 1 0 0 
0 -1 0 1 0 
0 -1 0 0 0 
0 -1 0 0 0 
0 -1 0 0 0 
0 -1 0 0 0 
0 -1 0 0 0 
1 0 1 0 0 
1 0 1 0 0 
0 -1 0 0 0 
0 -1 0 0 0 
0 -1 0 0 0 
0 -1 0 0 0 
0 -1 0 0 0 
0 -1 0 0 0 
0 -1 0 0 0 
0 -1 0 0 0 
0 -1 0 0 0 
0 -1 0 0 0 
0 -1 0 0 0 
1 0 0 0 1 
1 0 0 0 1 
1 0 0 0 1 
0 -1 0 0 0 
0 -1 0 0 0 
1 0 0 0 1 
1 0 0 0 1 
1 0 0 0 1 
4 0 0 0 0 
2 0 0 0 0 
3 0 0 0 0 
5 0 0 0 0 
6 0 0 0 0 
3 0 0 0 0 
2 0 0 0 0 
4 0 0 0 0 
-5
4 1 0 0 0 
2 1 0 0 0 
3 1 0 0 0 
5 1 0 0 0 
6 1 0 0 0 
3 1 0 0 0 
2 1 0 0 0 
4 1 0 0 0 
1 1 0 0 1 
1 1 0 0 1 
1 1 0 0 1 
1 1 0 0 1 
0 -1 0 0 0 
1 1 0 0 1 
0 -1 0 0 0 
1 1 0 0 1 
0 -1 0 0 0 
0 -1 0 0 0 
0 -1 0 0 0 
0 -1 0 0 0 
0 -1 0 0 0 
0 -1 0 0 0 
1 1 1 0 0 
0 -1 0 0 0 
0 -1 0 0 0 
0 -1 0 0 0 
0 -1 0 0 0 
0 -1 0 0 0 
1 1 1 0 0 
0 -1 0 0 0 
0 -1 0 0 0 
0 -1 0 0 0 
0 -1 0 0 0 
0 -1 0 1 0 
1 0 1 0 0 
1 0 1 1 0 
1 0 1 0 0 
0 -1 0 0 0 
0 -1 0 0 0 
0 -1 0 0 0 
0 -1 0 0 0 
0 -1 0 0 0 
0 -1 0 0 0 
0 -1 0 0 0 
0 -1 0 0 0 
0 -1 0 0 0 
0 -1 0 0 0 
0 -1 0 0 0 
1 0 0 0 1 
1 0 0 0 1 
0 -1 0 0 0 
0 -1 0 0 0 
0 -1 0 0 0 
1 0 0 0 1 
1 0 0 0 1 
1 0 0 0 1 
4 0 0 0 0 
2 0 0 0 0 
3 0 0 0 0 
5 0 0 0 0 
6 0 0 0 0 
3 0 0 0 0 
2 0 0 0 0 
4 0 0 0 0 
-6
4 1 0 0 0 
2 1 0 0 0 
3 1 0 0 0 
5 1 0 0 0 
6 1 0 0 0 
3 1 0 0 0 
0 -1 0 0 0 
4 1 0 0 0 
1 1 0 0 1 
1 1 0 0 1 
1 1 0 0 1 
1 1 0 0 1 
0 -1 0 0 0 
1 1 0 0 1 
0 -1 0 0 0 
1 1 0 0 1 
0 -1 0 0 0 
0 -1 0 0 0 
0 -1 0 0 0 
0 -1 0 0 0 
0 -1 0 0 0 
0 -1 0 0 0 
1 1 1 0 0 
2 1 1 0 0 
0 -1 0 0 0 
0 -1 0 0 0 
0 -1 0 0 0 
0 -1 0 0 0 
1 1 1 0 0 
0 -1 0 0 0 
0 -1 0 0 0 
0 -1 0 0 0 
0 -1 0 0 0 
0 -1 0 0 0 
1 0 1 0 0 
1 0 1 0 0 
1 0 1 0 0 
0 -1 0 0 0 
0 -1 0 0 0 
0 -1 0 0 0 
0 -1 0 0 0 
0 -1 0 0 0 
0 -1 0 0 0 
0 -1 0 0 0 
0 -1 0 0 0 
0 -1 0 0 0 
0 -1 0 0 0 
0 -1 0 0 0 
1 0 0 0 1 
1 0 0 0 1 
0 -1 0 0 0 
0 -1 0 0 0 
0 -1 0 0 0 
1 0 0 0 1 
1 0 0 0 1 
1 0 0 0 1 
4 0 0 0 0 
2 0 0 0 0 
3 0 0 0 0 
5 0 0 0 0 
6 0 0 0 0 
3 0 0 0 0 
2 0 0 0 0 
4 0 0 0 0 
